1000
40585
52677
2800
83373
74761
3820
88479
32662
54641
14410
1872
37522
63158
32956
63964
36402
79019
12122
54288
73024
68020
53952
37989
43958
71272
92746
69342
75628
32801
86233
16541
41388
31236
52850
82211
42786
76935
46406
42531
34928
62788
53388
16257
61182
46905
52265
55308
23470
76088
19154
7508
49390
82994
24361
50442
93318
52315
55939
42196
93393
66970
37418
14665
98824
35312
1822
92847
99162
81442
38518
9742
35480
31300
62084
55440
41164
54948
3671
81944
47466
10928
50394
37277
47039
53990
16025
57505
20774
65814
97412
3698
29178
89685
16076
45180
12101
80737
69771
85448
53046
18700
23360
29942
8785
13127
22167
70418
56801
44332
26887
88086
80297
44904
90069
65692
49912
78659
30103
16254
20058
82381
99443
93708
86123
52519
26180
75977
91430
76267
2878
31491
15580
72634
2409
21325
16864
1952
98218
79771
53471
27429
4992
20248
75086
27442
20425
25991
34779
34526
13317
90805
51813
40213
23218
73207
24680
37988
69910
67366
87824
52675
3324
40627
43727
61375
38613
27496
37609
33187
21887
59581
53804
64482
31556
16020
11294
4772
36985
41906
80175
40427
30759
14554
14381
73024
18631
30183
85365
97887
25701
84805
71367
79836
98919
44653
91059
89424
34247
39484
84560
68964
13724
4206
60140
59608
36951
16156
35933
53457
36937
89743
30965
573
78594
2080
31668
43844
44532
94575
68023
84237
56374
53051
21775
79530
22180
516
5229
8065
66756
38331
31033
5175
68131
58210
31585
51131
97406
90885
77294
49741
42589
74325
60403
3881
67801
67005
32639
22708
72095
75171
44017
61826
69036
62717
15211
77665
58904
10796
90047
32773
66543
51034
43943
64401
79770
19148
32209
60095
46621
18467
52886
14636
28761
18453
55116
4035
27697
89507
58577
33732
49578
58391
77768
49841
84940
50941
25280
19509
60901
97818
63312
81457
38285
55981
38335
59940
45668
75040
94079
82167
72023
47146
19066
94818
68897
66245
79332
25886
80494
57096
82096
66216
64667
29024
13919
75919
77465
1776
52978
7994
40817
95233
66657
71577
69473
69031
41605
60198
27012
2003
64015
33943
99120
58414
12988
17380
36057
38361
80287
83407
21171
20446
4862
4181
4693
18258
53722
42927
5592
4329
19877
55973
286
42294
32792
72688
37200
64638
27484
78890
55840
39960
63302
64661
73069
64611
1664
98628
71685
44484
23810
56682
1093
40730
28704
50749
12539
39072
829
93702
48204
77790
22973
59657
7474
93708
90296
66923
49341
57477
79850
29124
46683
99587
53127
18531
66706
56893
45356
28632
27497
51482
83664
31394
31399
52016
27450
40150
73139
69054
12652
17448
99290
74338
56541
86009
36880
37848
60389
95710
83981
90191
20625
19657
22297
12745
41910
48022
31074
20240
27810
22387
22313
41520
32142
81004
92029
96916
22959
62803
81184
35040
35596
59753
65862
63401
59178
1451
47835
92172
22083
20092
83364
77874
38582
98667
11645
79550
32952
43169
41602
35311
71911
32265
90250
9497
82526
78716
11469
77306
61893
39656
53894
28828
15040
19548
57587
95686
60552
94387
5145
7007
38487
77978
24069
25952
98589
41600
78317
11764
48559
60889
86773
76272
5823
10734
29390
32201
65510
32005
66584
47478
47614
97033
59592
41059
36365
51574
99269
30318
55227
20803
20173
66658
98660
91468
61844
6702
31625
19226
19308
52706
8961
74098
50560
31941
10765
34359
38042
44085
59370
18012
4133
20476
5535
39786
7692
26187
77205
39434
98561
58102
8903
16656
5146
64299
6159
38405
52662
74577
43616
73295
79774
13593
73234
49759
41126
22915
39415
59830
2418
88528
68556
6901
49653
82271
70892
74016
5429
20199
88862
6861
87467
73424
26319
27663
78726
37710
83130
88474
30191
23803
1252
76178
70855
33583
33124
48629
58572
5534
15935
75873
8379
879
41586
65955
19791
55605
57128
80925
6823
22124
88940
99571
20966
22161
82392
40467
33844
82558
2859
38110
94082
15617
3930
47159
52523
74488
3485
72167
61781
59243
37450
21771
33527
41829
84511
90011
23893
69776
85080
34583
62982
10061
66785
5328
29303
69293
15014
16752
9640
26543
39750
9959
54675
53430
67269
50835
5038
71878
65600
78315
41606
91612
8092
65288
65259
26087
50167
43440
85387
96454
88992
92833
33814
6526
163
62839
96577
6040
52156
8602
38246
93654
62221
199
70280
72912
60043
39576
96244
20880
88882
62675
7619
10405
43672
49100
17404
64904
88415
77528
99606
58729
34276
32111
64603
43732
2965
56029
9352
93062
62272
47877
34034
67654
28582
8658
59106
96354
97966
56092
21121
36583
7349
41267
32142
47900
72452
47563
52684
93212
21210
44933
82457
6190
12104
17045
73049
45475
64027
15381
47922
12363
73588
94822
53935
76500
91220
33149
87432
5728
47507
83826
73657
12673
90831
33281
42446
50356
73826
90106
74848
72248
62316
89547
35417
46889
45743
85032
23188
92605
2522
21012
96640
86074
2237
99055
227
25042
87419
61052
63227
94493
99134
90158
19904
56562
20004
10798
68325
87041
96758
45900
71901
64207
96442
13311
3258
78030
41022
65594
36816
52280
65397
14702
66105
5833
31039
83318
81809
17847
54848
94307
60738
19855
99634
50148
88890
8268
39798
81233
70551
26294
85318
75156
81829
78613
3014
22197
48095
73553
81241
29185
44625
29160
39504
9878
46974
45386
62525
55950
79581
28405
966
88005
28510
53896
75893
63080
66603
13798
83947
5916
95786
45609
45588
7112
27678
8959
86550
65505
30636
70438
98916
54416
11324
76608
22128
63393
14006
98259
73564
84491
88555
42112
97105
55095
46614
82333
61129
49551
69463
53329
10598
14916
90335
41452
56166
53819
85803
75649
71790
17846
44231
46496
10211
59323
43859
46196
59031
61603
57955
35126
97057
23169
49600
63884
91877
50092
54732
36738
32723
59595
42882
23907
92716
78141
25916
25940
54622
16034
63727
57325
19888
25513
86929
62293
58905
2006
44699
66393
71724
17295
34985
84360
34157
74468
39678
30350
67495
88089
40132
74379
54390
57586
35537
22224
3199
68890
53445
54069
47424
23023
23760
46745
11266
24461
4592
43607
21163
25173
48216
75906
68592
31866
96781
83229
95463
37289
66186
53978
48122
75474
83939
24236
42520
56535
16966
38506
36549
36528
46813
39683
48658
50008
67152
9497
63975
26455
21064
97212
39965
55597
239
17028
47144
50104
48850
1321
23666
52706
7208
40962
83843
25003
81740
31577
4155